Techniques=MultiLUT
TechniqueSorting=MultiLUT
PreprocessorDefinitions=

[Vibrance.fx]
Vibrance=0.575000
VibranceRGBBalance=1.000000,1.000000,1.000000

[LUT.fx]
fLUT_AmountChroma=1.000000
fLUT_AmountLuma=1.000000

[MultiLUT.fx]
fLUT_LutSelector=0
fLUT_AmountChroma=1.000000
fLUT_AmountLuma=1.000000

[Colourfulness.fx]
colourfulness=1.015000
lim_luma=0.423000
enable_dither=0
col_noise=1
backbuffer_bits=8.000000

[LiftGammaGain.fx]
RGB_Lift=1.000000,1.000000,1.000000
RGB_Gamma=1.000000,1.000000,1.000000
RGB_Gain=1.000000,1.000000,1.000000

[Deband.fx]
threshold_preset=1
custom_avgdiff=1.800000
range=24.000000
iterations=1
custom_maxdiff=4.000000
debug_output=0
custom_middiff=2.000000

[PerfectPerspective.fx]
Projection=0
DebugPreview=0
FOV=90
VerticalScale=0.950000
Vertical=0.500000
ResScale=1920,1920
Type=0
BorderColor=0.027000,0.027000,0.027000,0.000000
Zooming=1.000000
MirrorBorders=1

[SurfaceBlur.fx]
BlurRadius=1
DebugMode=0
BlurOffset=1.000000
BlurEdge=0.309000
BlurStrength=1.000000

[AmbientLight.fx]
alAdaptBaseMult=0.000000
alDebug=0
AL_DirtTex=0
alInt=20.000000
alThreshold=100.000000
AL_Adaptation=1
AL_Dirt=0
alAdapt=3.181000
alLensThresh=0.000000
alAdaptBaseBlackLvL=2
AL_Vibrance=0
AL_Adaptive=2
alDirtInt=2.000000
alLensInt=0.000000
alDirtOVInt=2.000000
AL_Lens=0

[LUTTools.fx]
LutRes=32
LutChromaLuma=1.000000,1.000000

[BeforeAfter.fx]
Line=1
Offset=0.500000
Blur=0.000000
Color=1.000000,0.000000,0.000060

